49.0
49.09175083453431
49.36598018878993
50.00999900019995
50.695167422546305
51.54609587543949
52.92447448959697
54.12947441089743
55.94640292279746
34.66987164671943
32.202484376209235
29.832867780352597
27.586228448267445
28.319604517012593
29.832867780352597
32.202484376209235
35.510561809129406
55.47071299343465
53.71219600798314
52.55473337388365
51.24451190127583
50.44799302251776
49.8196748283246
49.36598018878993
49.040799340956916
49.01020301937138
49.16299421312742
49.49747468305833
50.00999900019995
50.96076922496363
51.86520991955976
53.31041174104736
55.00909015790027
56.938563381947034
33.83784863137726
31.400636936215164
29.068883707497267
26.870057685088806
28.319604517012593
30.610455730027933
33.015148038438355
36.359317925395686
55.00909015790027
53.31041174104736
52.20153254455275
50.96076922496363
50.21951811795888
49.64876634922564
49.25444142409901
49.040799340956916
49.040799340956916
49.25444142409901
49.64876634922564
50.21951811795888
51.24451190127583
52.20153254455275
53.71219600798314
55.00909015790027
36.359317925395686
33.015148038438355
30.610455730027933
28.319604517012593
26.870057685088806
29.068883707497267
31.400636936215164
33.83784863137726
56.43580423808985
55.00909015790027
53.31041174104736
51.86520991955976
50.96076922496363
50.00999900019995
49.49747468305833
49.16299421312742
49.01020301937138
49.040799340956916
49.36598018878993
49.8196748283246
50.44799302251776
51.24451190127583
52.55473337388365
53.71219600798314
55.47071299343465
35.510561809129406
32.202484376209235
29.832867780352597
27.586228448267445
27.586228448267445
29.832867780352597
31.400636936215164
34.66987164671943
56.43580423808985
54.12947441089743
52.92447448959697
51.54609587543949
50.695167422546305
50.00999900019995
49.36598018878993
49.09175083453431
49.0